0 0.448162 0.745017 0.0714684 0.273664
0 0.392852 0.61589 0.0793889 0.2656
0 0.499682 0.148242 0.0352857 0.269621
0 0.715837 0.600335 0.0732403 0.21909
0 0.278068 0.870626 0.0855495 0.206787
0 0.155106 0.246446 0.0842094 0.290928
0 0.287012 0.638097 0.0835868 0.196282
0 0.650077 0.548262 0.0955324 0.23456
0 0.659121 0.773804 0.0993991 0.227292
0 0.32443 0.149142 0.0660592 0.263671
0 0.213915 0.387114 0.0793147 0.211885
0 0.737233 0.21869 0.0479257 0.1149
0 0.417971 0.217272 0.0491656 0.11199
0 0.123111 0.964137 0.0794347 0.0717267
