0 0.392746 0.588824 0.0795149 0.315536
0 0.284611 0.606801 0.0791101 0.364578
0 0.155645 0.824317 0.0852727 0.296533
0 0.555383 0.72097 0.0676973 0.239499
0 0.225188 0.707657 0.0738391 0.278307
0 0.673408 0.728593 0.0781758 0.233574
0 0.265076 0.29455 0.086923 0.235071
0 0.742348 0.301116 0.0789862 0.195882
0 0.13757 0.460645 0.0883917 0.315573
0 0.453707 0.281158 0.0813543 0.220798
0 0.821067 0.813235 0.0616287 0.300766
0 0.50441 0.615226 0.0884582 0.252484
0 0.607727 0.639985 0.078725 0.230055
0 0.3563 0.331321 0.0865598 0.139888
