0 0.239273 0.758005 0.13629 0.364812
0 0.600873 0.550671 0.0612828 0.296998
0 0.670297 0.722797 0.0782182 0.325557
0 0.457003 0.477616 0.0972899 0.296124
0 0.503415 0.620673 0.0721551 0.225973
0 0.955006 0.293708 0.073267 0.264374
0 0.561234 0.737421 0.0661192 0.26356
0 0.256111 0.298301 0.0917004 0.192555
0 0.337279 0.766902 0.08502 0.299278
0 0.361267 0.328747 0.0751109 0.152435
0 0.659383 0.453928 0.081056 0.248717
0 0.447005 0.745811 0.0788499 0.204372
0 0.550458 0.26145 0.080126 0.320073
0 0.846214 0.699096 0.0326472 0.251228
0 0.802118 0.408529 0.0711043 0.209882
0 0.448564 0.239413 0.0791186 0.227518
0 0.739775 0.29339 0.0844151 0.222471
