0 0.648142 0.269375 0.0799615 0.289991
0 0.353192 0.267278 0.0752101 0.258329
0 0.328094 0.748391 0.0906441 0.248866
0 0.551033 0.293251 0.0733362 0.231769
0 0.55869 0.758652 0.0704321 0.226196
0 0.715113 0.621979 0.0803629 0.235637
0 0.801679 0.418206 0.0721157 0.19826
0 0.500783 0.636282 0.0810076 0.262295
0 0.453335 0.309399 0.073439 0.183039
0 0.449905 0.775031 0.0794505 0.1969
0 0.826285 0.132807 0.0735981 0.265615
0 0.73934 0.198444 0.0292714 0.114015
0 0.122014 0.98077 0.081518 0.0384597
0 0.108876 0.622027 0.0591666 0.2074
0 0.239702 0.762247 0.109411 0.213288
