0 0.504186 0.625782 0.0727526 0.374175
0 0.166026 0.256574 0.0920955 0.308926
0 0.165072 0.860372 0.0918805 0.26717
0 0.612669 0.861019 0.0819594 0.27199
0 0.284111 0.614869 0.078533 0.262088
0 0.445945 0.760206 0.0761586 0.230712
0 0.286645 0.885108 0.100004 0.214469
0 0.726513 0.610099 0.0970365 0.316757
0 0.226065 0.737309 0.0849689 0.266839
0 0.610098 0.616419 0.0830793 0.236969
0 0.336779 0.743614 0.0668272 0.21933
0 0.500494 0.57833 0.0795219 0.588199
0 0.666915 0.743069 0.0747212 0.301141
0 0.882232 0.976999 0.0799751 0.0460023
0 0.286484 0.54248 0.0809835 0.427972
0 0.394767 0.625123 0.0778996 0.211389
0 0.732785 0.888314 0.0915433 0.222811
0 0.0403257 0.561644 0.0427608 0.270314
