0 0.419181 0.601992 0.0780129 0.320739
0 0.182591 0.817014 0.0778635 0.275814
0 0.253811 0.715956 0.108591 0.389516
0 0.582782 0.729003 0.073208 0.292844
0 0.287488 0.302083 0.0843435 0.239758
0 0.164299 0.463579 0.0802665 0.322317
0 0.805454 0.767723 0.0836561 0.212903
0 0.311009 0.589904 0.0797135 0.317087
0 0.477701 0.737524 0.0751921 0.264231
0 0.770288 0.301639 0.0884543 0.200203
0 0.738996 0.625644 0.0873316 0.247994
0 0.671838 0.275648 0.0806121 0.298568
0 0.835272 0.17131 0.0664932 0.194964
0 0.63312 0.649851 0.0798448 0.243776
0 0.24484 0.710547 0.0735541 0.381733
0 0.362846 0.747543 0.0782294 0.246171
0 0.152164 0.968357 0.0828578 0.0632859
