0 0.451542 0.515077 0.0677246 0.184913
0 0.553135 0.523958 0.0779581 0.261861
0 0.676049 0.767907 0.0843302 0.182813
0 0.758498 0.533695 0.0652438 0.165248
0 0.786474 0.766849 0.0815866 0.188835
0 0.807779 0.257243 0.0739435 0.312843
0 0.795743 0.255318 0.0522681 0.312713
0 0.38408 0.200033 0.0418394 0.160763
0 0.656467 0.528803 0.0669823 0.132108
0 0.937256 0.910327 0.0722349 0.177247
0 0.948713 0.472772 0.0450212 0.169706
0 0.790495 0.138683 0.0567642 0.277365
0 0.70619 0.21603 0.0743991 0.312719
