0 0.153752 0.254065 0.083846 0.263979
0 0.25767 0.263935 0.0823598 0.273092
0 0.438724 0.727231 0.087156 0.305691
0 0.553431 0.500371 0.0746539 0.31237
0 0.0846229 0.963039 0.0782031 0.0739228
0 0.742018 0.300292 0.0808435 0.239894
0 0.170982 0.891126 0.10954 0.217749
0 0.354748 0.333734 0.0753675 0.13971
0 0.328491 0.96432 0.080933 0.0713606
0 0.0277416 0.872627 0.0543673 0.254745
0 0.354025 0.289799 0.0795695 0.247665
0 0.048689 0.548421 0.0397061 0.363076
0 0.720589 0.565065 0.0957397 0.277622
0 0.910283 0.331564 0.109594 0.371125
0 0.0479658 0.492591 0.0369373 0.249676
0 0.990849 0.47178 0.018301 0.477759
