0 0.39622 0.577832 0.0870602 0.254064
0 0.649411 0.294819 0.0749249 0.237903
0 0.449819 0.512763 0.075394 0.257863
0 0.811055 0.633308 0.0454553 0.17964
0 0.615688 0.612226 0.0972208 0.218131
0 0.54969 0.334096 0.0757014 0.150193
0 0.741788 0.326791 0.0713202 0.191854
0 0.760674 0.52157 0.0719448 0.195819
0 0.260037 0.184728 0.0700301 0.19011
0 0.178809 0.179068 0.0703471 0.186341
0 0.505528 0.18856 0.0729781 0.179554
0 0.847006 0.223941 0.122169 0.28881
0 0.541272 0.323439 0.0576675 0.121971
0 0.758361 0.467866 0.0699347 0.291138
