0 0.556979 0.738651 0.069586 0.267183
0 0.446702 0.703117 0.0814694 0.369424
0 0.663491 0.760865 0.0831952 0.267484
0 0.167406 0.274285 0.0888179 0.309946
0 0.760762 0.523263 0.071342 0.209115
0 0.849764 0.833537 0.0832843 0.298134
0 0.227976 0.77129 0.0762889 0.215425
0 0.351428 0.288565 0.0773932 0.214976
0 0.550395 0.29591 0.0758916 0.206921
0 0.740913 0.261085 0.0947032 0.30683
0 0.613136 0.588089 0.0887516 0.376549
0 0.337216 0.76357 0.0864938 0.205937
0 0.883225 0.962628 0.0791054 0.0747445
0 0.832175 0.118542 0.0570374 0.237083
0 0.397273 0.550045 0.0795691 0.264772
