0 0.319896 0.920131 0.0887049 0.159738
0 0.726228 0.599698 0.10704 0.303804
0 0.442657 0.547897 0.0892301 0.269697
0 0.30169 0.584011 0.070771 0.354754
0 0.577542 0.156742 0.0477294 0.275881
0 0.506752 0.632468 0.0766886 0.202292
0 0.301035 0.64447 0.0726214 0.231973
0 0.92913 0.233742 0.0468036 0.221603
0 0.761577 0.500743 0.0829141 0.276618
0 0.496592 0.147247 0.0481706 0.279494
0 0.496977 0.195103 0.0481479 0.190528
0 0.269618 0.888815 0.0790325 0.218881
0 0.750888 0.197368 0.0598386 0.151355
0 0.143482 0.505136 0.0741649 0.237555
0 0.195734 0.641763 0.0605294 0.261013
0 0.32944 0.147675 0.069472 0.284985
0 0.215944 0.922522 0.0486226 0.124417
