0 0.28771 0.592111 0.0801143 0.314899
0 0.185359 0.583407 0.0895461 0.310544
0 0.337528 0.916116 0.0577619 0.167768
0 0.453683 0.740881 0.0953865 0.315142
0 0.713311 0.632982 0.0791256 0.217484
0 0.514982 0.590865 0.0957355 0.248779
0 0.799041 0.418263 0.0802986 0.189248
0 0.155853 0.248309 0.0804533 0.2853
0 0.622388 0.598866 0.103452 0.284081
0 0.173682 0.887868 0.113087 0.224264
0 0.0865783 0.933212 0.0752066 0.133576
0 0.27228 0.876275 0.0728718 0.204663
0 0.639355 0.636226 0.0450496 0.201379
0 0.615365 0.623215 0.0927052 0.228805
