0 0.395493 0.579326 0.0858005 0.258685
0 0.649326 0.29356 0.074118 0.23377
0 0.450247 0.512485 0.0741949 0.257739
0 0.549903 0.330235 0.0759248 0.141053
0 0.179823 0.178524 0.0703491 0.185286
0 0.742015 0.313926 0.0716056 0.168478
0 0.813385 0.632234 0.0504944 0.177924
0 0.615212 0.61351 0.0963112 0.215786
0 0.760727 0.516326 0.0716022 0.180787
0 0.504642 0.188809 0.0720384 0.180691
0 0.870201 0.235478 0.0748465 0.269919
0 0.259307 0.183273 0.0695078 0.186747
0 0.425713 0.197048 0.0736176 0.136018
