0 0.499701 0.879115 0.0857132 0.239434
0 0.393983 0.60868 0.0751604 0.322355
0 0.168228 0.268476 0.0948427 0.328496
0 0.554009 0.71072 0.0766434 0.266821
0 0.111536 0.750409 0.0711143 0.267241
0 0.339057 0.76812 0.066648 0.263112
0 0.663581 0.527284 0.0939245 0.327812
0 0.606828 0.624913 0.0755222 0.266863
0 0.28817 0.633875 0.0800494 0.207451
0 0.884374 0.962021 0.0810736 0.0759572
0 0.194306 0.634318 0.110381 0.251322
0 0.742773 0.188663 0.0651254 0.239736
0 0.841123 0.618358 0.032766 0.229399
0 0.45058 0.321718 0.0796725 0.159605
