0 0.608254 0.600218 0.0845964 0.31023
0 0.259098 0.268343 0.0821895 0.256789
0 0.501315 0.597482 0.0806616 0.329121
0 0.156352 0.261915 0.0836967 0.320435
0 0.720404 0.602777 0.0795166 0.251794
0 0.402101 0.581888 0.0930394 0.310301
0 0.649121 0.308525 0.0751097 0.209089
0 0.280308 0.586419 0.0962693 0.279888
0 0.549717 0.331005 0.0756696 0.149719
0 0.807935 0.625572 0.0545011 0.245068
0 0.742684 0.306071 0.0792658 0.203635
0 0.157481 0.522263 0.108345 0.209632
0 0.195565 0.625914 0.0448754 0.238979
