0 0.5304 0.618031 0.085218 0.246181
0 0.192527 0.32157 0.0864231 0.232661
0 0.310823 0.591074 0.113573 0.250477
0 0.430495 0.641633 0.0875438 0.212147
0 0.747335 0.208786 0.0789716 0.209796
0 0.339381 0.589165 0.0555959 0.251391
0 0.292044 0.32694 0.0533956 0.128624
0 0.211287 0.649206 0.0754567 0.139707
0 0.82817 0.189668 0.0769186 0.182465
0 0.604367 0.3808 0.0796201 0.272872
0 0.420019 0.182326 0.0720231 0.170365
0 0.661048 0.202563 0.0759184 0.216238
0 0.285798 0.330972 0.0805864 0.148169
0 0.334095 0.186388 0.0647006 0.175637
