0 0.52831 0.601684 0.0783975 0.32077
0 0.309414 0.6078 0.0801927 0.34535
0 0.574989 0.275729 0.072275 0.261246
0 0.185768 0.828572 0.0822088 0.25391
0 0.883183 0.865791 0.0886995 0.262622
0 0.288471 0.298662 0.0868764 0.234295
0 0.254878 0.758877 0.0874113 0.225512
0 0.414414 0.638916 0.0906067 0.277727
0 0.686815 0.690597 0.0763128 0.355132
0 0.471074 0.78237 0.0812797 0.213137
0 0.768867 0.315009 0.0778912 0.174711
0 0.626193 0.669958 0.0775821 0.213879
0 0.826874 0.20853 0.0551511 0.207086
0 0.186254 0.452065 0.107204 0.347618
