0 0.39228 0.603005 0.0807113 0.334267
0 0.501768 0.632935 0.0754956 0.270543
0 0.288484 0.604616 0.0810834 0.253284
0 0.603027 0.612824 0.0979604 0.245784
0 0.158916 0.266239 0.08777 0.328404
0 0.720468 0.600822 0.0796191 0.249132
0 0.810278 0.622992 0.0552562 0.241613
0 0.259919 0.312454 0.0725283 0.217349
0 0.548681 0.306121 0.0802724 0.200201
0 0.748485 0.264441 0.0809152 0.279347
0 0.192706 0.642288 0.1038 0.274245
0 0.359312 0.329884 0.0726663 0.145151
0 0.915567 0.283086 0.0552823 0.266549
