0 0.311777 0.599065 0.08111 0.328696
0 0.525639 0.715334 0.0791421 0.549918
0 0.426857 0.64004 0.0948818 0.277188
0 0.575478 0.275241 0.0722382 0.254655
0 0.527423 0.613708 0.0794826 0.339837
0 0.628113 0.654161 0.088158 0.198426
0 0.284419 0.293131 0.0770429 0.223993
0 0.735947 0.639142 0.0938057 0.275628
0 0.379183 0.336124 0.0800392 0.151371
0 0.16947 0.486757 0.0853202 0.266594
0 0.768775 0.31686 0.0762243 0.175732
0 0.392909 0.332071 0.0509644 0.130578
0 0.827196 0.178513 0.0763335 0.17825
