0 0.499641 0.622452 0.0789088 0.275752
0 0.159695 0.238756 0.0820059 0.284463
0 0.140092 0.536942 0.0874475 0.244855
0 0.452195 0.278148 0.0839715 0.24907
0 0.296702 0.631065 0.101979 0.263467
0 0.717931 0.615162 0.0854727 0.253027
0 0.649115 0.308463 0.0784431 0.173993
0 0.758094 0.505338 0.0794807 0.27852
0 0.326798 0.212011 0.0784861 0.206699
0 0.246639 0.183692 0.0816875 0.189654
0 0.247111 0.1891 0.0514544 0.177905
0 0.0282434 0.870803 0.0553478 0.250713
0 0.836227 0.4721 0.0488956 0.197569
