0 0.154939 0.833102 0.0784278 0.29613
0 0.733764 0.864285 0.075262 0.262397
0 0.66805 0.722051 0.0796921 0.285025
0 0.357032 0.258677 0.0805168 0.303955
0 0.0880843 0.932222 0.0788711 0.135557
0 0.449625 0.464104 0.0830826 0.251541
0 0.506373 0.654798 0.0847906 0.281175
0 0.443729 0.689493 0.0881932 0.24969
0 0.803292 0.932533 0.073913 0.134933
0 0.262788 0.31031 0.0821562 0.177912
0 0.163984 0.331162 0.0743326 0.163613
0 0.732752 0.336078 0.0660926 0.150037
0 0.0442107 0.680577 0.0465494 0.26865
0 0.740508 0.350147 0.0787213 0.180821
