0 0.501413 0.606203 0.0814153 0.283336
0 0.552958 0.285895 0.0769847 0.254016
0 0.670526 0.760918 0.0752291 0.226275
0 0.658289 0.523779 0.0723686 0.198748
0 0.166852 0.324882 0.0786494 0.19373
0 0.450553 0.790591 0.0806665 0.224509
0 0.805661 0.18882 0.0461712 0.215595
0 0.741034 0.309243 0.0835534 0.212001
0 0.55452 0.764787 0.0818448 0.218145
0 0.357244 0.509143 0.100606 0.225019
0 0.23788 0.774369 0.0943217 0.182521
0 0.109842 0.626092 0.0569139 0.213281
0 0.86374 0.679476 0.0725872 0.366574
