0 0.252348 0.498975 0.0818819 0.312839
0 0.607862 0.61557 0.0794351 0.231249
0 0.393892 0.585983 0.0837852 0.281164
0 0.15766 0.88924 0.080644 0.218718
0 0.181587 0.619065 0.0738828 0.226244
0 0.623962 0.89246 0.0914316 0.186664
0 0.170628 0.257415 0.107794 0.30548
0 0.451528 0.740589 0.0799001 0.212317
0 0.272339 0.874308 0.0757706 0.198028
0 0.332076 0.908353 0.0771841 0.183293
0 0.270065 0.171002 0.0707708 0.216386
0 0.65416 0.475061 0.0788598 0.290906
0 0.666467 0.747392 0.0780118 0.203801
0 0.89172 0.427583 0.0654327 0.253661
0 0.83729 0.614222 0.0989395 0.235766
