0 0.162867 0.258005 0.085507 0.26621
0 0.559015 0.739871 0.0699417 0.208947
0 0.503559 0.624273 0.073769 0.269225
0 0.159133 0.51736 0.117706 0.354099
0 0.725228 0.636391 0.0890363 0.220126
0 0.445024 0.776807 0.0959858 0.228249
0 0.271473 0.806145 0.0926672 0.267489
0 0.503214 0.154814 0.0510171 0.291862
0 0.946291 0.326253 0.100428 0.423535
0 0.82105 0.174491 0.062767 0.203952
0 0.740456 0.194102 0.0525835 0.15793
0 0.515938 0.413368 0.0733505 0.186247
0 0.799124 0.43624 0.0728283 0.176312
0 0.5842 0.137494 0.0473306 0.269585
0 0.676462 0.757827 0.0945233 0.218459
0 0.323964 0.953907 0.0764638 0.0921867
0 0.0863173 0.962032 0.0740282 0.0759364
0 0.226824 0.799533 0.0735874 0.296288
0 0.74084 0.14219 0.0513919 0.262914
