0 0.348164 0.503002 0.083953 0.229167
0 0.946006 0.392904 0.0403581 0.247442
0 0.556475 0.732709 0.077043 0.309983
0 0.658577 0.527432 0.0716965 0.204322
0 0.169351 0.31054 0.0897299 0.198249
0 0.983281 0.408964 0.0330731 0.33317
0 0.500963 0.620933 0.0783245 0.22907
0 0.18079 0.606414 0.0802497 0.250231
0 0.730984 0.278129 0.0820764 0.284132
0 0.612735 0.896493 0.0855022 0.207013
0 0.515237 0.894202 0.109161 0.211597
0 0.109406 0.625805 0.0581893 0.20066
0 0.551142 0.310001 0.0850435 0.219442
0 0.642411 0.219509 0.0343302 0.108833
0 0.682951 0.964502 0.0775406 0.0709955
0 0.487573 0.149012 0.0533211 0.269534
