0 0.546484 0.558982 0.0825111 0.220725
0 0.404508 0.632813 0.0965259 0.26014
0 0.614321 0.634543 0.0580373 0.21267
0 0.759103 0.366306 0.0929905 0.385105
0 0.182715 0.218014 0.0661989 0.161635
0 0.902348 0.286441 0.0779642 0.275564
0 0.962082 0.393475 0.0748251 0.428196
0 0.657551 0.556546 0.0657767 0.179646
0 0.885007 0.287345 0.112943 0.278561
0 0.34095 0.195075 0.0720338 0.160852
0 0.746327 0.297199 0.0676944 0.246638
0 0.182262 0.380303 0.0677176 0.48522
0 0.426628 0.181463 0.083387 0.165199
