0 0.674299 0.75374 0.0617293 0.217256
0 0.542664 0.684622 0.0560065 0.288144
0 0.504287 0.146446 0.043861 0.263205
0 0.744783 0.273476 0.0718728 0.24891
0 0.718837 0.603309 0.0884747 0.317854
0 0.779894 0.765493 0.0663811 0.196812
0 0.648366 0.311362 0.0780089 0.182703
0 0.330306 0.150624 0.0672211 0.273661
0 0.578311 0.218475 0.0504661 0.113936
0 0.609235 0.612348 0.0771546 0.230887
0 0.450267 0.299972 0.0354955 0.200355
0 0.174475 0.199847 0.0381263 0.144656
0 0.444064 0.273697 0.0497139 0.251449
0 0.425176 0.219814 0.0302711 0.120204
0 0.822151 0.193708 0.042362 0.15759
