0 0.498569 0.61455 0.0820016 0.295228
0 0.708589 0.565061 0.101637 0.323446
0 0.748517 0.254632 0.0797426 0.301023
0 0.287882 0.610321 0.0872782 0.244221
0 0.164264 0.30996 0.0739063 0.195725
0 0.405597 0.618972 0.110226 0.296673
0 0.807842 0.621445 0.0637445 0.239384
0 0.181873 0.611158 0.0902228 0.261749
0 0.603638 0.613393 0.0945791 0.243287
0 0.55124 0.308822 0.0743345 0.210809
0 0.229018 0.243981 0.0207378 0.189565
0 0.89706 0.347912 0.0618762 0.310956
0 0.336537 0.25334 0.0642612 0.202599
