0 0.155003 0.823931 0.0798142 0.301389
0 0.608542 0.589824 0.0782794 0.291154
0 0.827591 0.58479 0.0793228 0.312075
0 0.66737 0.737609 0.0811253 0.234363
0 0.730929 0.794241 0.0862903 0.236754
0 0.291451 0.634616 0.0888368 0.225698
0 0.719548 0.575616 0.0796707 0.276837
0 0.63897 0.235136 0.0947041 0.262064
0 0.0867703 0.929526 0.0770993 0.140949
0 0.443063 0.683642 0.0843791 0.251144
0 0.504283 0.588955 0.0723946 0.247234
0 0.807886 0.180466 0.0469479 0.186881
0 0.0981377 0.685584 0.0549158 0.211228
0 0.168305 0.503994 0.0771752 0.191371
