0 0.502528 0.614344 0.0720737 0.30559
0 0.550525 0.311818 0.0665207 0.214765
0 0.350239 0.493075 0.0697209 0.234803
0 0.83463 0.877136 0.0846069 0.239524
0 0.744547 0.290408 0.0637419 0.234491
0 0.151569 0.186365 0.0480962 0.156281
0 0.652717 0.472398 0.0777509 0.258718
0 0.819936 0.614589 0.0711731 0.21775
0 0.586042 0.923807 0.0677219 0.148392
0 0.784378 0.139178 0.0560989 0.278356
0 0.554796 0.735675 0.0715991 0.25962
0 0.450182 0.772115 0.0676729 0.247926
0 0.66683 0.764066 0.0685817 0.1287
0 0.236724 0.221008 0.0386839 0.113214
0 0.45746 0.805193 0.0532262 0.177317
0 0.582785 0.854393 0.068078 0.291214
