0 0.501635 0.601229 0.0783634 0.282919
0 0.183047 0.593552 0.0877414 0.286949
0 0.551243 0.273319 0.0722413 0.294712
0 0.167321 0.255162 0.0988967 0.32618
0 0.452196 0.293849 0.0826038 0.242883
0 0.828772 0.183006 0.0779434 0.175445
0 0.809225 0.621121 0.049032 0.216726
0 0.746854 0.312962 0.0753697 0.192557
0 0.35759 0.272167 0.0864059 0.286997
0 0.655792 0.496441 0.0778195 0.220043
0 0.358797 0.51489 0.0940923 0.195654
0 0.747113 0.250443 0.0745851 0.312262
0 0.2659 0.351016 0.0751762 0.149719
0 0.817995 0.618502 0.0690677 0.223529
