0 0.549074 0.712175 0.0671401 0.341361
0 0.443547 0.73623 0.0801462 0.304364
0 0.606874 0.608084 0.0772403 0.277309
0 0.403582 0.216117 0.0491385 0.138235
0 0.667661 0.760104 0.0772672 0.220701
0 0.745066 0.251547 0.0777339 0.279239
0 0.32813 0.213364 0.0412726 0.122372
0 0.655419 0.514393 0.0806809 0.311568
0 0.328591 0.144412 0.0534125 0.266542
0 0.188902 0.200787 0.0751237 0.17501
0 0.324313 0.206872 0.0507246 0.14437
0 0.486595 0.211366 0.0660472 0.126691
0 0.404194 0.156574 0.0482265 0.254584
