0 0.657902 0.525634 0.0652938 0.200355
0 0.55973 0.523266 0.100591 0.276832
0 0.450284 0.517397 0.0762463 0.198432
0 0.744791 0.258481 0.0701742 0.292057
0 0.503297 0.199333 0.069885 0.171312
0 0.583777 0.199783 0.0696155 0.175204
0 0.350305 0.542361 0.0691611 0.140506
0 0.668054 0.182636 0.0684665 0.195861
0 0.831672 0.178699 0.06621 0.190515
0 0.423392 0.187729 0.0681992 0.179805
0 0.903876 0.430656 0.0707962 0.336547
0 0.725428 0.836209 0.104576 0.232475
0 0.422824 0.198921 0.0497411 0.152925
