0 0.164294 0.274982 0.090938 0.293536
0 0.220641 0.746029 0.0775944 0.264065
0 0.609578 0.623617 0.0810587 0.2654
0 0.664488 0.737808 0.0851156 0.313479
0 0.730013 0.905133 0.0731964 0.186362
0 0.165341 0.899879 0.0814257 0.180453
0 0.259166 0.184219 0.0396896 0.166395
0 0.294382 0.633243 0.0991992 0.254131
0 0.359786 0.58454 0.107955 0.350299
0 0.452692 0.798434 0.106084 0.170051
0 0.823019 0.130025 0.0708502 0.260049
0 0.577486 0.214756 0.0823335 0.175914
0 0.883213 0.971305 0.0795263 0.0573892
