0 0.161547 0.275387 0.0710149 0.244054
0 0.504073 0.826611 0.0765112 0.290184
0 0.746801 0.248949 0.080558 0.290679
0 0.550722 0.275009 0.0763026 0.255269
0 0.717051 0.564551 0.0804104 0.325204
0 0.223973 0.708629 0.0780063 0.27627
0 0.286863 0.606292 0.075695 0.251624
0 0.606852 0.599691 0.0825854 0.266234
0 0.726727 0.883 0.0828979 0.214976
0 0.498485 0.575354 0.0757856 0.24836
0 0.434251 0.757747 0.0610826 0.257042
0 0.665779 0.74758 0.0759371 0.240221
0 0.825209 0.608317 0.0835826 0.260688
0 0.393103 0.624079 0.0842782 0.329758
