0 0.258174 0.272077 0.08048 0.262202
0 0.155952 0.260209 0.0833476 0.316347
0 0.501184 0.567832 0.0790496 0.287902
0 0.447259 0.74619 0.0668861 0.354448
0 0.611571 0.610292 0.0737976 0.32693
0 0.550733 0.311517 0.0754012 0.202083
0 0.393598 0.580505 0.0796702 0.295029
0 0.162302 0.855921 0.123103 0.281701
0 0.721866 0.608743 0.0812603 0.261319
0 0.288516 0.616949 0.0810218 0.277134
0 0.736348 0.306842 0.0938953 0.203626
0 0.649729 0.306523 0.0765249 0.203454
0 0.668549 0.746038 0.0783187 0.263835
0 0.667418 0.80755 0.077937 0.3849
0 0.562516 0.75623 0.0662987 0.204284
0 0.809951 0.646626 0.0876959 0.287668
0 0.829398 0.173119 0.0623241 0.195614
