0 0.287787 0.65409 0.0820523 0.246374
0 0.142363 0.513236 0.0709039 0.240235
0 0.761537 0.519653 0.0808179 0.305198
0 0.439248 0.545542 0.0994924 0.264144
0 0.716546 0.600699 0.0975537 0.290496
0 0.322446 0.205295 0.0785939 0.187093
0 0.510731 0.638213 0.0547012 0.20257
0 0.484426 0.209994 0.0712585 0.205264
0 0.888891 0.227053 0.119777 0.291947
0 0.960171 0.396303 0.0785388 0.42817
0 0.647696 0.202127 0.0348543 0.127175
0 0.72948 0.187959 0.0759311 0.179153
0 0.0269119 0.872508 0.0525408 0.25425
0 0.161461 0.185992 0.0725321 0.181618
