0 0.424109 0.274292 0.0881895 0.250606
0 0.422987 0.720777 0.0810626 0.312131
0 0.134772 0.249987 0.0798814 0.296416
0 0.528596 0.71615 0.0827015 0.296807
0 0.631624 0.708922 0.0816558 0.344556
0 0.706656 0.841039 0.0765668 0.254538
0 0.213908 0.526549 0.0910388 0.236327
0 0.286794 0.602116 0.108015 0.31051
0 0.732688 0.501689 0.0797085 0.274432
0 0.528228 0.500895 0.0872278 0.273251
0 0.47337 0.908743 0.072771 0.182513
0 0.322551 0.538273 0.0727649 0.201754
0 0.976121 0.418447 0.0467829 0.246164
