0 0.28884 0.616915 0.074082 0.252397
0 0.183535 0.643001 0.072657 0.216025
0 0.398312 0.614781 0.0717915 0.241427
0 0.5002 0.615377 0.0803873 0.266322
0 0.258383 0.15901 0.0708732 0.226901
0 0.552256 0.52236 0.0731768 0.208061
0 0.606973 0.651629 0.0798022 0.218873
0 0.174969 0.167033 0.0703349 0.24156
0 0.713044 0.604778 0.10026 0.23007
0 0.908636 0.291732 0.0761531 0.331151
0 0.423899 0.188895 0.0716433 0.190246
0 0.818735 0.627254 0.0619247 0.206322
0 0.341936 0.189932 0.0733437 0.175721
0 0.644439 0.268297 0.0382867 0.231765
0 0.806016 0.631344 0.0381888 0.193928
