27 0.716143 0.602428 0.0939478 0.271697
49 0.28915 0.637637 0.0658381 0.298403
8 0.389467 0.61431 0.117936 0.271788
12 0.615777 0.547484 0.123998 0.409501
30 0.65955 0.211884 0.0803302 0.209696
8 0.508168 0.193925 0.0721588 0.160838
8 0.425965 0.188243 0.0809709 0.162965
25 0.584557 0.188476 0.0635257 0.17301
59 0.492549 0.352613 0.11737 0.200441
31 0.357368 0.272596 0.0791504 0.273269
44 0.7491 0.206578 0.106591 0.230245
25 0.834905 0.178711 0.0853554 0.175299
37 0.179724 0.189895 0.0688579 0.181567
8 0.23861 0.541181 0.0976809 0.236504
